21.932
23.552
26.412
27.102
26.712
25.735
25.21157
24.148296
21.447569
21.095016
20.381811
21.67731
23.440056
26.873306
27.390621
27.315102
25.901209
25.537453
24.881147
22.874157
23.034855
21.945578
22.865374
25.953794
23.541283
22.91899
22.24794
22.135166
25.882
23.502
23.702
22.722
21.882
22.142
22.932
22.342
23.392
23.692
23.952
27.042
24.636633
24.768372
24.529005
24.422
23.012
23.872
23.682
24.652
24.892
24.512
26.69823
26.557566
26.772215
27.482
27.362
26.442
25.642
26.902
25.696852
24.878603
23.399563
21.379133
23.037056
22.550848
25.232
24.972
24.362
22.392
21.092
23.102
22.042
21.692
22.852
24.292