30.512
30.42
29.955
29.43
29.645
29.884
29.508
29.763
30.063
29.725
29.728
30.015
29.59
29.706
29.503
29.53
29.448
29.214
29.16
28.668
28.779
28.67
29.3
29.849
28.948
28.365
28.502
28.349
29.17
29.16
28.70839773
28.70253291
29.065
29.023
29.139
29.941
29.448
28.191
28.03
28.485
28.82
29.257
29.26
29.331
28.66323739
28.65958228
29.53
29.34
29.599
29.222
28.533
28.406
28.862
29.014
29.359
29.53
29.992
30.01
29.978
30.197
30.311
29.593
29.658
29.822
29.609
29.827
29.477
29.499
30.04
30.211
30.578
29.986
29.712
30.038
29.563
29.822
29.908
29.743
29.35
29.333
29.326
29.314
29.867
29.521
29.507
29.621
29.601
29.912
30.021
29.799
30.024
29.774
30.268
30.514
30.139
30.208
29.941
30.026
29.864
30.025
30.015
29.557
29.666
29.13
29.603
29.857
30.064
30.002
29.895
29.844
29.913
29.896
29.978
29.928
30.155
29.673
29.82
30.036
30.277
30.35
30.601
30.249
30.316
29.879
29.207
29.451
29.68
29.227
29.64
29.88
29.423
29.516
29.859
29.493
29.589
29.42
29.402
29.385
29.107
29.133
28.612
28.615
28.55
28.606
29.585
28.726
27.646
28.24
27.827
28.675
28.931
28.37665998
28.36989725
27.886
27.837
27.906
29.071
28.571
27.146
27.315
27.574
27.961
28.414
28.514
28.887
28.654
27.91283878
29.002
29.138
29.455
29.137
28.224
28.241
28.615
28.875
29.106
29.452
29.64
29.776
29.714
30.038
30.186
29.533
29.515
29.756
29.53
29.819
29.32
29.371
29.703
29.874
30.291
29.897
29.551
29.847
29.5
29.549
29.755
29.689
29.291
29.213
29.174
29.188
29.634
29.409
29.46
29.456
29.536
29.771
29.884
29.709
29.913
29.656
30.068
30.393
30.072
30.06
29.814
29.91
29.816
29.821
29.899
29.541
29.496
29.041
29.376
29.65
29.94
29.862
29.804
29.784
29.851
29.793
29.867
29.884
30.048
29.492
29.674
29.741
30.115
30.23
30.545
30.152
30.273
29.802
29.092
29.323
29.202
28.833
29.389
29.512
29.093
29.235
29.737
29.458
29.524
29.397
29.345
29.303
29.037
28.955
28.396
28.106
28.006
27.552
27.343
26.483
24.9
26.904
27.208
27.793
28.568
27.20328019
27.19121791
27.17915564
27.16709337
27.1550311
27.14296883
26.06942666
26.05748501
26.04530212
26.03323984
26.02117757
26.0091153
25.99705303
25.98499076
25.97292849
25.96086622
28.552
28.982
29.354
28.964
28.134
28.142
28.551
28.814
28.919
29.282
29.678
29.547
29.484
29.981
30.069
29.529
29.281
29.548
29.461
29.844
29.377
29.359
29.254
29.575
30.21
29.865
29.452
29.799
29.474
29.556
29.652
29.657
29.268
29.146
28.901
29.049
29.385
29.128
29.343
29.421
29.501
29.728
29.729
29.783
29.941
29.681
29.974
30.31
30.154
29.996
29.815
29.92
30.048
29.821
29.857
29.602
29.431
28.956
29.014
29.38
29.924
29.806
29.834
29.785
29.844
29.796
29.85
29.914
29.956
29.471
29.609
29.768
30.157
30.382
30.594
29.665
29.873
29.632
28.956
28.982
28.604
28.346
28.824
29.108
28.732
28.952
29.597
29.449
29.427
29.418
29.349
29.1
28.794
28.388
27.582
26.511
26.191
25.462
24.941
23.976
23.153
25.086
25.926
26.559
27.679
25.67842464
25.66028296
27.641
27.42
28.078
29.173
28.954
27.449
27.824
27.932
28.045
28.716
28.721
29.32
28.849
27.15480729
28.202
28.76
29.134
28.764
28.078
28.025
28.466
28.577
28.568
28.919
29.384
29.21
29.166
29.921
29.867
29.464
29.07
29.222
29.402
29.438
29.308
29.085
28.781
29.259
30.192
29.884
29.346
29.727
29.426
29.543
29.629
29.306
28.994
28.629
27.983
28.781
28.75
28.388
27.308
27.893
27.539
29.135
29.005
29.447
28.961
29.163
29.099
29.051
30.325
30.071
29.852
29.913
30.007
29.776
29.499
29.33
29.015
28.644
28.224
28.989
29.8
29.759
29.856
29.818
29.645
29.303
29.708
29.45
29.227
29.199
29.174
29.242
29.888
30.308
30.218
28.816
29.017
29.311
28.658
28.64
27.99
27.542
28.102
28.593
28.337
28.633
29.398
29.474
29.503
29.456
29.295
28.532
27.423
26.251
25.078
24.477
24.252
23.047
22.305
21.595
21.372
23.185
23.483
24.276
25.384
23.48305879
23.45637769
26.361
25.955
27.08
28.572
28.154
27.098
27.68
27.626
27.604
28.154
28.255
28.645
27.817
25.88984895
27.974
28.615
28.898
28.439
27.935
27.907
28.301
28.243
28.117
28.033
27.942
27.767
28.764
29.758
29.683
29.127
28.834
29.055
29.103
28.417
28.146
27.402
27.587
28.479
29.772
29.511
27.741
27.842
28.995
28.709
28.573
27.672
27.461
26.512
26.599
27.686
24.91
25.088
24.438
25.087
25.071
26.001
26.912
27.642
27.056
27.581
27.405
27.607
28.881
28.868
28.523
27.802
29.169
29.424
27.627
28.222
26.698
26.967
26.515
27.419
27.061
28.088
27.644
27.565
25.048
27.014
27.609
27.056
27.519
27.449
26.693
26.056
27.372
28.256
28.486
26.917
25.73
27.546
27.891
27.83
26.507
26.28
26.895
27.11
26.789
27.957
28.925
29.396
27.529
29.294
28.644
24.533
23.534
22.96
22.001
21.58
21.216
20.225
19.967
19.523
19.884
20.691
21.336
22.061
21.122
20.7574116
20.7246151
23.344
24.054
25.129
26.162
24.419
26.474
27.154
27.067
22.34277881
22.32972035
22.31666189
22.30360343
22.29054497
22.2774865
27.305
28.33
28.525
27.793
27.728
27.768
28.073
27.927
27.325
26.912
25.726
25.818
27.376
29.379
28.65
27.918
28.646
28.798
28.161
26.85
26.123
25.072
24.821
26.224
25.838
26.263
23.968
24.007
23.726
23.959
25.221
25.501
25.87982398
25.88148199
25.88314
25.88479801
25.88645602
25.88811403
21.24
21.985
22.556
23.559
24.232
24.899
25.087
25.487
25.072
25.098
25.663
24.638
23.157
22.917
25.048
25.712
24.467
25.642
25.236
25.301
25.171
25.269
24.631
24.141
23.159
22.457
22.799
24.314
24.086
24.427
24.767
24.718
24.514
24.566
25.965
26.206
26.276
21.645
22.591
22.794
24.5
24.77
23.601
23.975
24.128
23.637
23.324
25.913
24.891
23.78
21.56
26.719
21.079
21.126
21.576
20.805
19.28
18.056
18.059
17.614
17.863
17.835
18.193
18.872
18.919
18.915
17.719
18.01695074
17.98853631
20.312
21.093
21.888
22.247
21.277
25.041
25.649
25.678
25.764
24.637
23.545
22.518
22.951
21.42222879
25.901
25.516
24.152
24.279
26.585
27.241
27.602
26.408
25.477
24.076
22.644
23.375
24.476
25.355
23.503
24.719
27.416
26.53
26.045
23.947
23.56
22.435
22.138
23.195
22.463
22.37
19.584
20.72
21.434
22.164
22.736
22.595
21.844
20.997
20.641
19.857
19.491
18.741
18.948
19.526
20.703
21.322
22.225
22.149
21.836
22.101
22.536
23.034
23.475
21.221
20.688
21.027
22.364
22.625
22.429
22.962
22.375
21.953
22.277
22.727
22.238
21.344
20.848
20.825
20.773
22.656
21.245
22.328
22.027
21.994
22.15
22.147
22.865
22.485
22.572
17.835
18.328
17.702
18.814
19.205
17.652
17.462
17.075
17.336
16.939
18.158
18.386
17.136
18.235
18.621
16.808
16.447
16.313
15.482
14.711
14.67
14.513
14.237
14.683
14.735
14.67
14.653
14.606
14.991
14.942
14.47980274
14.46302586
15.034
15.966
16.82
16.584
16.553
18.973
18.045
19.721
18.822
18.261
17.015
16.936
16.948
16.32192604
18.398
17.791
18.475
18.94
21.058
20.566
20.627
19.134
18.271
17.304
16.75
17.909
17.879
17.623
17.793
19.269
19.471
19.445
18.423
17.864
17.275
16.718
17.061
16.886
17.061
16.999
15.779
16.942
17.163
17.405
17.049
17.248
16.25
16.413
16.278
16.162
15.807
15.298
14.733
15.865
16.963
17.205
17.743
17.644
17.252
16.854
17.278
17.529
16.941
16.86
16.6
17.325
18.167
17.55
17.558
18.167
17.246
17.058
16.559
17.052
16.909
17.031
16.245
16.223
16.548
17.594
17.577
16.81
16.613
16.767
16.879
17.069
17.235
16.984
17.942
13.81
14.177
14.421
14.717
14.045
13.472
13.892
13.395
13.694
13.932
14.087
14.181
13.799
14.351
14.584
13.624
13.036
12.858
12.926
12.754
12.598
12.717
13.113
13.336
13.265
13.17
13.277
12.56
12.326
12.573
12.76282745
12.75682552
12.54
12.809
12.854
12.653
13.158
14.126
14.195
13.897
13.204
13.487
13.127
13.518
13.394
13.0395498
14.162
13.944
14.255
14.287
15.512
15.21
14.489
13.667
13.815
13.555
13.462
13.918
13.318
13.583
13.611
14.155
14.263
13.847
13.237
12.894
13.319
13.131
13.561
14.01
13.347
13.2
12.912
13.193
13.332
13.101
13.328
13.159
12.635
13.191
12.822
13.172
13.242
13.135
13.062
13.171
13.241
13.488
13.867
13.923
13.593
13.231
13.483
13.827
13.812
13.716
13.756
13.946
14.045
13.459
13.631
13.877
13.259
13.7
13.323
13.393
13.464
13.216
13.814
13.268
13.214
14.307
13.702
13.299
12.929
13.518
13.76
12.982
13.356
13.22
14.398
12.607
12.349
12.442
12.339
11.908
11.512
11.549
11.537
11.559
11.787
11.764
12.021
12.087
12.175
12.404
12.257
11.817
11.859
12.035
12.168
12.207
12.343
12.236
12.011
11.878
12.014
11.996
11.672
11.732
12.011
12.00175456
12.00169308
11.777
11.886
11.955
12.19
12.28
12.443
12.105
11.842
11.567
11.502
11.349
11.594
11.7
11.87165696
11.876
11.87
12.171
12.02
11.944
12.153
11.774
11.449
11.602
11.591
11.569
11.797
11.905
11.733
11.917
11.949
11.7
11.636
11.415
11.17
11.49
11.61
11.658
12.009
11.765
11.789
11.675
11.645
11.866
11.888
11.86
12.021
11.825
11.655
12.023
12.26
12.355
12.068
12.282
12.268
12.122
11.88
12.058
11.793
12.103
12.284
12.143
11.851
12.112
12.328
12.32
12.503
12.599
12.36
12.175
11.979
11.82
11.903
11.561
11.823
11.704
11.999
12.382
12.08
12.231
12.499
12.222
11.826
11.929
12.082
12.106
11.926
11.776
11.934
12.205
8.297
8.134
8.161
8.047
8.198
8.068
7.855
7.743
7.9
8.05
8.115
8.019
8.04
8.129
8.075
8.155
8.095
8.172
8.04
7.86
7.871
7.925
7.97
8.009
8.113
8.332
8.315
8.391
8.595
8.534
8.272555833
8.273923473
8.212
8.217
8.212
8.253
8.274
8.41
8.416
8.398
8.189
8.051
8.044
7.661
7.644
8.217665113
7.815
7.683
8.025
8.357
8.49
8.377
8.27
8.135
8.024
7.943
7.854
8.119
8.082
8.237
8.368
8.275
8.282
8.143
8.002
8.075
7.967
8.01
7.927
7.917
8.17
8.132
8.087
8.164
8.207
8.333
8.409
8.302
8.158
8.222
8.07
8.121
8.108
8.174
8.294
8.38
8.585
8.606
8.71
8.411
8.323
8.208
8.291
8.315
8.093
8.137
7.979
8.255
8.254
8.362
8.204
8.222
8.137
8.05
7.968
8.062
8.052
8.146
8.142
8.01
8.103
8.287
8.295
8.177
8.189
8.116
8.095
8.202
8.106
8.024
8.112
