30.51
30.42
29.95
29.43
29.64
29.88
29.51
29.76
30.06
29.73
29.73
30.01
29.59
29.71
29.5
29.53
29.45
29.21
29.16
28.67
28.78
28.67
29.3
29.85
28.95
28.37
28.5
28.35
29.17
29.16
-9.99
-9.99
29.07
29.02
29.14
29.94
29.45
28.19
28.03
28.48
28.82
29.26
29.26
29.33
25.21998998
25.20621987
29.53
29.34
29.6
29.22
28.53
28.41
28.86
29.01
29.36
29.53
29.99
30.01
29.98
30.2
30.31
29.59
29.66
29.82
29.61
29.83
29.48
29.5
30.04
30.21
30.58
29.99
29.71
30.04
29.56
29.82
29.91
29.74
29.35
29.33
29.33
29.31
29.87
29.52
29.51
29.62
29.6
29.91
30.02
29.8
30.02
29.77
30.27
30.51
30.14
30.21
29.94
30.03
29.86
30.02
30.02
29.56
29.67
29.13
29.6
29.86
30.06
30
29.89
29.84
29.91
29.9
29.98
29.93
30.15
29.67
29.82
30.04
30.28
30.35
30.6
