30.512
30.42
29.955
29.43
29.645
29.884
29.508
29.763
30.063
29.725
29.728
30.015
29.59
29.706
29.503
29.53
29.448
29.214
29.16
28.668
28.779
28.67
29.3
29.849
28.948
28.365
28.502
28.349
29.17
29.16
28.70839773
28.70253291
29.065
29.023
29.139
29.941
29.448
28.191
28.03
28.485
28.82
29.257
29.26
29.331
28.66323739
28.65958228
29.53
29.34
29.599
29.222
28.533
28.406
28.862
29.014
29.359
29.53
29.992
30.01
29.978
30.197
30.311
29.593
29.658
29.822
29.609
29.827
29.477
29.499
30.04
30.211
30.578
29.986
29.712
30.038
29.563
29.822
29.908
29.743
29.35
29.333
29.326
29.314
29.867
29.521
29.507
29.621
29.601
29.912
30.021
29.799
30.024
29.774
30.268
30.514
30.139
30.208
29.941
30.026
29.864
30.025
30.015
29.557
29.666
29.13
29.603
29.857
30.064
30.002
29.895
29.844
29.913
29.896
29.978
29.928
30.155
29.673
29.82
30.036
30.277
30.35
30.601
