 Location:  0N 180W   3 Jan 2010 to 29 Dec 2010 (   73 times, 11 depths,  1 blocks) Gen. Date Sep 28 2020
 Units: Depth (Meters), Temperature (C), -9.999 = missing
 Time: 1200  3 Jan 2010 to 1200 29 Dec 2010 (index     1 to    73,    73 lines, 11 depths)
 Index:              1      2      3      4      5      6      7      8      9     10     11
 Depth(M):           1     25     50     75    100    125    150    200    250    300    500 QUALITY INDICES
 YYYYMMDD HHMM     SST   TEMP   TEMP   TEMP   TEMP   TEMP   TEMP   TEMP   TEMP   TEMP   TEMP TTTTTTTTTTT
 20100103 1200  29.666 29.586 29.838 29.798 28.806 25.298 20.214 14.900 12.062 11.418  8.356 11111111111
 20100108 1200  29.748 29.716 29.908 29.924 29.164 23.090 18.952 14.678 12.150 11.374  8.186 11111111111
 20100113 1200  29.802 29.810 30.056 29.796 28.596 22.576 19.428 15.254 12.060 11.118  8.330 11111111111
 20100118 1200  29.884 29.810 30.002 29.270 27.870 23.012 18.536 14.778 12.194 11.194  8.380 11111111111
 20100123 1200  29.778 29.808 30.224 29.722 29.002 24.544 19.590 15.328 12.810 11.682  8.402 11111111111
 20100128 1200  29.746 29.718 29.744 29.838 29.690 26.952 21.916 16.250 13.452 11.962  8.786 11111111111
 20100202 1200  29.608 29.694 29.700 29.732 29.828 27.562 22.350 16.616 13.214 12.030  8.890 11111111111
 20100207 1200  29.688 29.676 29.666 29.714 29.846 27.026 20.690 16.390 13.198 11.852  8.430 11111111111
 20100212 1200  29.676 29.690 29.692 29.788 30.032 25.824 21.136 16.392 13.176 11.894  8.802 11111111111
 20100217 1200  29.836 29.810 29.788 29.764 29.494 24.820 20.548 15.588 13.234 11.792  8.958 14444444444
 20100222 1200  29.728 29.800 29.798 29.750 29.342 24.084 19.826 15.132 12.830 11.534  8.992 14444444444
 20100227 1200  29.690 29.672 29.752 29.316 27.752 22.786 19.380 15.918 12.984 11.894  8.702 14444444444
 20100304 1200  29.746 29.750 29.724 29.082 26.882 22.504 18.968 14.956 12.670 11.720  8.880 14444444444
 20100309 1200  29.586 29.576 29.688 29.154 27.508 23.500 19.318 15.542 13.064 11.956  8.942 14444444441
 20100314 1200  29.600 29.592 29.594 29.074 27.232 23.292 19.494 15.572 13.572 12.196  8.814 14444444444
 20100319 1200  29.668 29.646 29.178 27.958 26.228 24.034 19.906 15.620 13.284 11.948  8.954 14444444444
 20100324 1200  29.264 29.244 29.064 28.138 25.914 22.680 20.256 15.690 13.766 12.264  8.958 14444444444
 20100329 1200  29.270 28.954 28.592 27.648 25.676 22.964 20.188 16.504 13.376 11.878  8.622 11111111111
 20100403 1200  29.358 29.150 28.822 27.874 26.478 22.956 20.508 15.442 13.116 12.008  8.596 11111111111
 20100408 1200  29.814 29.182 28.708 28.140 25.690 21.738 20.584 15.672 13.082 11.976  8.768 11111111111
 20100413 1200  29.180 29.020 28.614 27.870 25.610 22.498 20.902 14.652 12.752 11.694  8.742 11111111111
 20100418 1200  29.186 29.030 28.804 28.112 24.990 22.248 20.840 14.656 12.740 11.760  8.684 11111111111
 20100423 1200  29.508 29.090 28.878 27.850 24.596 22.644 20.128 14.670 12.682 11.738  8.260 11111111111
 20100428 1200  29.360 29.156 28.920 28.212 25.282 22.674 20.352 14.258 12.772 11.710  8.452 11111111111
 20100503 1200  29.036 29.000 28.914 28.144 24.408 22.998 19.704 15.006 12.880 11.764  8.552 11111111111
 20100508 1200  28.786 28.694 28.416 26.924 24.316 22.772 19.548 13.868 12.740 11.788  8.314 11111111111
 20100513 1200  28.888 28.678 28.314 27.594 25.032 22.090 19.884 14.520 12.600 11.750  8.454 11111111111
 20100518 1200  28.508 28.410 28.200 27.402 24.504 21.112 19.070 14.738 12.730 11.834  8.632 11111111111
 20100523 1200  28.362 28.174 27.914 26.340 24.408 20.860 19.588 14.424 12.726 11.824  8.660 11111111111
 20100528 1200  28.390 28.280 28.138 27.480 25.288 21.225 19.620 13.850 12.828 11.758  8.548 11111111111
 20100602 1200  28.596 28.446 28.150 27.316 24.006 -9.999 19.862 14.996 12.730 11.700  8.318 11111011111
 20100607 1200  28.336 28.274 28.158 27.720 24.962 22.018 19.750 14.936 12.552 11.672  8.418 11111111111
 20100612 1200  28.376 28.298 28.214 27.046 24.182 21.977 20.900 14.834 12.454 11.584  8.468 11111111111
 20100617 1200  28.042 27.976 27.840 27.228 25.154 -9.999 19.602 14.768 12.472 11.534  8.320 11111011111
 20100622 1200  28.028 27.934 27.774 26.876 25.226 -9.999 19.212 15.752 12.676 11.634  8.392 11111011111
 20100627 1200  28.298 28.244 27.742 27.080 26.166 20.580 19.060 14.878 12.470 11.508  8.412 11111111111
 20100702 1200  28.196 28.040 27.554 27.188 25.788 -9.999 20.198 15.024 12.400 11.412  8.576 11111011114
 20100707 1200  27.906 27.818 27.640 27.110 25.452 -9.999 19.448 15.308 12.310 11.422  8.434 11111011111
 20100712 1200  27.920 27.724 27.558 27.362 26.754 -9.999 20.422 15.646 12.712 11.534  8.338 11111011114
 20100717 1200  28.086 28.000 27.670 27.368 26.662 -9.999 20.906 15.780 12.492 11.464  8.334 11111011111
 20100722 1200  27.758 27.698 27.576 27.244 25.968 -9.999 20.876 14.932 12.598 11.446  8.278 11111011111
 20100727 1200  27.586 27.544 27.468 27.122 25.408 -9.999 20.030 14.424 12.940 11.530  8.194 11111011111
 20100801 1200  27.550 27.418 27.268 26.902 24.570 -9.999 19.900 14.716 12.444 11.360  8.220 11111011111
 20100806 1200  27.450 27.374 27.216 26.808 24.690 -9.999 19.382 15.444 12.298 11.200  8.280 11111011111
 20100811 1200  27.162 27.102 26.938 26.510 25.166 -9.999 19.036 14.642 12.084 11.294  8.406 11111011111
 20100816 1200  27.040 26.898 26.724 26.462 25.422 -9.999 19.924 15.184 12.358 11.492  8.430 11111011111
 20100821 1200  26.828 26.736 26.644 26.388 25.022 -9.999 19.570 16.322 12.536 11.600  8.546 11111011111
 20100826 1200  26.622 26.582 26.498 26.312 25.596 -9.999 19.668 16.714 12.718 11.534  8.422 11111011111
 20100831 1200  26.874 26.756 26.618 26.336 25.684 -9.999 20.310 16.404 12.948 11.420  8.398 11111011111
 20100905 1200  27.100 27.048 26.914 26.536 25.162 -9.999 19.754 15.934 12.728 11.380  8.500 11111011111
 20100910 1200  26.768 26.652 26.516 26.270 25.374 -9.999 20.060 15.828 12.820 11.374  8.454 11111011111
 20100915 1200  26.538 26.472 26.406 26.356 26.254 -9.999 20.950 16.310 13.060 11.620  8.464 11111011111
 20100920 1200  26.794 26.510 26.108 25.754 25.384 -9.999 21.140 17.028 13.560 12.000  8.774 14444044441
 20100925 1200  26.664 26.516 26.236 25.686 24.664 -9.999 21.474 16.510 13.396 11.900  8.666 11111011111
 20100930 1200  26.866 26.620 26.448 26.178 25.236 -9.999 21.494 16.414 13.054 11.720  8.824 11111011111
 20101005 1200  27.268 27.224 27.092 26.806 26.354 -9.999 20.270 16.028 13.098 12.084  8.616 11111011111
 20101010 1200  27.028 26.962 26.930 26.838 25.868 -9.999 20.564 16.386 14.082 12.274  8.310 11111011111
 20101015 1200  26.628 26.540 26.452 26.164 25.102 -9.999 19.894 16.258 13.462 12.476  8.310 11111011111
 20101020 1200  26.528 26.458 26.298 25.488 24.910 -9.999 19.656 15.704 13.462 12.814  8.346 11111011111
 20101025 1200  26.404 26.236 25.810 25.028 24.934 24.630 21.444 16.694 14.148 12.762  8.752 11111111122
 20101030 1200  26.746 26.626 26.482 26.112 25.776 25.262 23.508 17.556 14.376 12.594  8.834 11111111122
 20101104 1200  26.620 26.596 26.574 26.562 26.528 25.922 22.890 16.792 13.872 12.696  8.748 11111111122
 20101109 1200  26.570 26.406 26.328 26.200 26.026 25.352 23.240 17.222 13.906 12.640  8.698 11111111122
 20101114 1200  26.490 26.414 26.386 26.356 26.232 25.982 23.732 16.784 14.068 12.706  8.934 11111111122
 20101119 1200  26.250 26.176 26.180 26.208 26.242 25.848 24.080 17.708 14.320 12.606  8.906 11111111122
 20101124 1200  26.130 26.068 26.024 25.922 25.554 24.544 23.562 17.962 14.508 12.626  8.692 11111111122
 20101129 1200  26.326 26.170 25.988 25.582 25.296 24.622 24.070 17.888 14.704 12.812  8.604 11111111122
 20101204 1200  26.468 26.408 26.326 26.032 25.466 25.156 24.694 18.142 14.430 12.566  8.786 11111111122
 20101209 1200  26.782 26.714 26.586 26.306 25.998 25.632 23.968 17.362 14.352 12.350  8.636 11111111122
 20101214 1200  26.736 26.682 26.542 26.294 26.010 25.352 23.786 16.978 14.130 12.016  8.434 11111111122
 20101219 1200  26.788 26.734 26.664 26.518 26.238 25.486 23.452 16.858 13.906 11.700  8.420 11111111122
 20101224 1200  26.876 26.864 26.832 26.774 26.628 26.218 22.388 16.420 13.494 11.706  8.530 11111111122
 20101229 1200  26.438 26.424 26.400 26.336 26.170 25.700 22.640 17.998 13.400 11.810  8.586 11111111122
